strong collision tests 

2492
8958
1539
4627
1705
2413
2982
5089
1945
8712
6027
9444
3541
1550
6634
3866
5767
1850
5701
3143
4123
2200
5858
14111
9443
9575
9371
2272
8480
3651
3439
5855
9877
2172
4149
5649
989
9345
2375
6480
650
7063
4153
11330
4915
2316
6383
8488
2858
8169
596
2379
2802
2396
2460
3949
6935
7954
11453
2916
8822
7687
2770
7745
4074
2511
3173
4066
4414
3219
3909
2806
3021
4876
10308
3961
10874
8162
1458
1221
4059
5940
3256
5273
2765
8763
4990
1823
9419
2798
4218
3612
6595
9769
1644
5772
9065
814
2339
5634
weak collision tests 

4972589
16006181
3422792
20732535
162568799
78365164
11266624
28355887
22418789
733177
4420487
83827017
5266814
5214602
23715544
7503429
7850452
11564665
33334048
11076797
6204029
41607031
43264400
26494648
11934631
82459828
4106807
46055503
1188703
9654146
6215243
6642223
2681937
7722400
40268217
470362
12194371
9704831
27681851
14071975
4764864
5695363
8238822
35731115
31430489
19150448
15823258
18251775
22160142
3319976
9327362
297737
31755815
9287689
20226436
9018628
7112608
30178237
5046874
26710866
10266910
38872496
7252874
11270322
11253209
3429279
2870805
2532929
2093430
1714700
2377348
8082879
9259021
10034998
3405469
6208250
44429143
117426
16220351
5107647
38910465
8265394
11401911
302140
7673064
16566726
9851362
21181027
18927017
473394
8138610
14762916
33452486
3973112
33220135
20071764
4994943
3167216
15880501
5920280
