strong collision tests 

1898
2477
3465
3156
5189
1608
3268
2161
767
3266
846
2612
2840
1667
591
2636
3348
3731
2543
5437
1513
3465
2418
1094
2265
2327
2337
1592
3686
556
4034
2993
3987
4341
2355
1061
1583
1648
4242
891
2278
2472
786
512
2933
1733
4474
2393
6008
4624
3936
4389
2775
6304
3324
1992
1532
4028
1780
4380
4363
4575
3796
550
2189
4135
5559
4672
3268
3648
942
1994
2000
1925
3058
4173
1101
868
3617
1549
2498
2854
4129
4765
4058
4996
1083
4186
2947
1057
1985
2723
4808
1776
3796
260
2100
2575
2226
1840
weak collision tests 

4273835
4108782
5913205
1193527
2398165
5387618
12994123
3066386
2879753
687026
6542500
545285
215048
1047972
14353544
1168740
4529343
13390259
10440187
4684140
1954386
3803235
3064177
493806
1463283
1301575
2325945
7246051
2430629
9545419
112286
1314477
1118691
2340811
192241
2475145
7188070
2461888
3369186
4136970
2279373
3472851
332271
4545444
4765757
423771
19819110
9029975
6843170
3703440
284394
1819791
1399496
530976
4829094
2163690
1285825
149822
14790770
2018074
5061669
4894897
3021543
2950260
564612
6454811
3877844
4018779
404906
9553307
1929321
1834094
685326
6657306
2432229
1937370
1865759
255611
3601842
3495178
16296870
2169010
8256766
8555176
5891767
321184
2063172
733242
366738
4100268
805972
289005
2656656
13151072
6246138
2855520
2771487
6523459
3395412
2074839
